1813981
7789362
11067721
11115583
12172253
12896380
15369387
16304649
18250782
25494090
25539605
25779070
32113217
33182999
33211067
37527539
40296611
45063193
48753170
49635711
52217666
52959058
59063535
59978452
64292736
66192760
68726087
71027569
73730837
77824150
78680494
78816931
79181683
83082849
85281050
86076883
88620159
91859029
95287752
98260481
105056910
107255095
108306089
109916695
110993206
113773751
113818569
113907267
115099525
121504198
123807982
124528789
128201364
129556188
133072181
136072094
136738691
138415986
139400586
142972002
145043355
145062286
145266778
148355039
152252905
153927241
163684050
165590315
168413923
168446483
178741063
179745690
180012122
180589708
183187150
188667644
190055736
192386145
193913762
194208946
194537580
196099698
196640827
196973721
198525100
199030093
200066240
200472282
207264738
210223807
212431160
212928690
215401409
216563556
217451862
218017580
219516530
222905399
223986748
224603413
225379227
227351788
228646770
228948335
231122477
231259615
234099319
237622299
240297261
245458897
249376342
249735020
250271273
252332694
252672399
253471674
255854724
260708796
263556337
264817947
271778447
273480973
274387330
276070713
279333886
279746077
282570126
282961352
286184663
289046983
291999750
292063783
298698213
299023423
299244826
301083876
302608569
307400909
308747463
309365555
310456020
313714201
313827592
314800543
318736697
322685154
324880605
326641004
326998245
329580145
330977938
332842613
333149229
333729930
334597194
335185191
335460017
335755248
337701212
338664491
339286494
339580935
339996247
340695729
348448692
348762887
348827321
349090608
350938228
352660473
356367041
357016772
357467732
358980300
363236563
368572428
374446215
375679601
378908026
382075653
388002847
388049830
389545388
391771576
392681959
393044164
396046768
399254846
399503015
406496592
407428234
410482804
411657557
411969170
412776450
413172328
414434748
416630031
418583769
419474952
425482922
426500227
430922072
436635087
437145549
439667843
439832683
444594834
448787337
450755469
454200431
454974930
460438695
461517234
465389656
465629481
466037753
469183471
472353658
473144034
475255194
476386904
479358020
482522908
482752304
484568406
486094255
495605849
496003731
496730571
498096826
499171697
500873398
502577156
504732915
506020625
512827143
512965313
518005501
521386492
521686941
521798143
524242470
525488256
525742921
526572431
526817417
528839112
529587505
530093337
531021392
531414507
537538728
538746369
543337975
543513009
547199797
548384591
554746396
555435535
557940618
559205990
559638756
560714081
564243459
567947470
568063882
568431786
568603971
569219789
573077815
581222933
582792824
582889545
586198545
590343540
592007569
593010178
598388728
599568706
599626506
600945082
604938221
607041537
607841957
608271890
608404437
613090346
615758324
618000052
618813951
622964492
624221911
627895794
629086395
641103908
642383331
643455313
646140176
651518912
651598053
652578113
654999222
657703123
660616605
661533257
664497338
665389098
666312101
667068407
668294024
670553420
677890557
678872590
686492621
693558381
695242412
695403756
698063011
699443147
700727239
701265398
702610758
708769715
712328090
712790112
712930655
715660930
718862286
719872721
722164162
722687773
723415721
725229703
725919092
728121223
734106915
737173781
737427656
737950048
741000147
745236924
745402398
745674348
745897655
748181863
749356850
750326763
751791121
754335298
754389691
759275525
760801679
761394484
762341656
766619694
767712652
768428297
769446054
772019691
775551048
776300087
776798936
788050373
790386240
794645179
795225124
795242516
795950205
799746732
800399529
800923720
801153593
804663853
805044048
810099629
810971291
811060029
811515112
812227343
812635746
813333735
818570252
818653762
820051910
820736281
824401456
825552085
829331130
830407857
830823118
831828030
833691290
835250523
836284143
836937632
838277354
838997673
844199349
848338489
853703447
856961668
859653425
859850255
864344965
865115103
865190218
866669254
869597281
872324720
876048894
879510529
882823686
883332246
888032843
888684337
891199571
891728163
892782745
894445087
895101135
897690088
898380614
902855599
906941881
909298934
909875496
916647764
919952068
920415761
921406014
925344683
925742311
926937603
927954339
929329795
933311832
941773065
943976025
945730309
945818192
946242566
948135102
949797696
950109997
950381208
952597246
960164770
962306998
965123180
968142315
968178184
970616151
972524769
972795028
975926114
979300884
981672531
988153468
988977951
990250767
994358783
994652159
995726409
999578042
1001840912
1001928909
1004308576
1006111194
1006449367
1006764923
1008725558
1011936032
1013738165
1014866135
1018724003
1019640573
1022597308
1023782763
1029023292
1031084993
1036959818
1042690407
1044326737
1045957493
1047711784
1049388861
1049560078
1051512041
1056159261
1057235772
1059868968
1060066272
1065575574
1066104012
1066646425
1067370729
1067425401
1068231515
1079023760
1083927247
1084749848
1086064956
1088085716
1092972151
1095758138
1095909578
1096865427
1098565289
1099241130
1100382615
1101707584
1101784638
1102041389
1103578895
1107027806
1107219580
1109204188
1112631375
1113460933
1118493834
1123714035
1132053398
1133967534
1134594890
1136401896
1136588798
1138579615
1144453315
1148328624
1150372536
1150682532
1152210841
1155938236
1156491529
1166129150
1166905038
1167915571
1174457690
1174984621
1178452707
1189495016
1190691598
1192537951
1197273398
1197972861
1200467796
1202963589
1203014587
1204707974
1207222160
1209450668
1211764817
1213637081
1214280826
1214325921
1216133636
1222740692
1223902666
1225581958
1228420563
1229727519
1230789247
1232249179
1236409370
1236980833
1237940158
1239914035
1240276873
1243599568
1246610573
1247519233
1247545215
1247672339
1248065261
1249195425
1249719889
1250098517
1250429890
1252406675
1253495627
1255446607
1256545659
1256759750
1260202973
1265260460
1265626185
1269907105
1270321260
1270806176
1271037761
1274260879
1274858399
1275258584
1277144984
1281256754
1281884458
1286657058
1288054869
1288610816
1290863339
1291093979
1296582534
1306299129
1309902646
1311553762
1311933585
1315426108
1320396602
1321860061
1323978238
1328995284
1329440458
1332243348
1332967200
1338362473
1338883782
1340666298
1341812731
1346345859
1346718859
1347181606
1348033322
1348605073
1350405292
1351863650
1356715804
1356890830
1363069258
1366596517
1367305535
1369719021
1372013583
1372340014
1374993597
1382912781
1384923278
1385722705
1391448442
1394438302
1395150584
1395930915
1400148450
1404494046
1408311942
1409213688
1410417368
1411926796
1416486410
1416871955
1418171852
1418440638
1420290765
1421073387
1423167585
1425288735
1427374807
1428313897
1433173188
1434040109
1435264800
1435830451
1435849471
1438942635
1441718590
1441745778
1443976419
1445006151
1446164091
1446765205
1450949428
1451243031
1451384449
1454769227
1457105322
1457893196
1459002304
1463719435
1464443089
1466688370
1467671418
1467920083
1468439970
1470350138
1470917677
1472892149
1477013541
1477835887
1478112143
1479020303
1480893644
1481524504
1483253700
1483549802
1484407241
1488936650
1489545926
1490129587
1491218870
1500960390
1511133520
1513812665
1513901144
1515995646
1516143838
1516169309
1520661129
1526502907
1528144279
1532449754
1533186640
1533734176
1536807352
1540461028
1540878177
1545495569
1557778221
1558954089
1563746351
1568152730
1568797831
1569058247
1571405136
1572384269
1573953579
1577733249
1577923309
1578643190
1578835663
1585795940
1586443063
1586609795
1586930236
1588156949
1590076968
1590310151
1591513289
1592378760
1593449091
1593703241
1597420938
1597738425
1598150002
1598168581
1598812642
1600333809
1600420563
1600692447
1601581714
1603542428
1604306474
1605082033
1605730198
1608007628
1608429430
1610274768
1614124322
1620103480
1621811263
1626048242
1628497509
1630852622
1638814354
1639147902
1646973325
1651942397
1652650806
1653304925
1657934841
1658076209
1659123774
1659849226
1660878218
1662794816
1664166667
1667238076
1667672021
1670258816
1672772658
1673413132
1673615920
1674586639
1677672011
1678072525
1679561472
1680101807
1685833805
1694412390
1694551461
1696357606
1696453649
1698623408
1700715568
1701902498
1701925702
1703044952
1704504248
1705303691
1705405098
1705547088
1707836210
1710453614
1710543452
1717811731
1720297814
1722854342
1724648654
1724970475
1726278348
1727233110
1729107932
1731830245
1733008026
1734076621
1734735139
1734739749
1737075514
1737687057
1739761181
1740301086
1744278067
1744814967
1746102248
1747277050
1753026298
1753490322
1753632033
1755216050
1755475957
1758168100
1759077112
1759138699
1760501896
1761558971
1763953226
1773846283
1775539289
1775698798
1776930969
1780280370
1780635318
1782000415
1786271419
1790537102
1793192614
1794653599
1797599367
1797718152
1802612537
1803354031
1805165783
1808585799
1809110243
1812308720
1814369480
1815537099
1817722559
1817850894
1824822501
1829206794
1829763312
1830090726
1832588786
1833466870
1834000502
1835117954
1843418123
1844761040
1846017496
1846332275
1846529514
1846964785
1847473446
1848541470
1848971703
1855910583
1858099794
1865174426
1865850744
1867362775
1869733000
1870531553
1871473830
1871871880
1874239295
1875985241
1877850116
1879519917
1881063465
1881920407
1884463416
1885558354
1888302832
1888840068
1890744596
1893560258
1898762495
1898951350
1900437388
1904310853
1911453079
1911847730
1917617856
1918020873
1919579006
1922732029
1924403595
1925516170
1927957928
1929187079
1930673577
1931047075
1941077384
1941794154
1946632737
1950313163
1961424364
1964161247
1966165224
1969389950
1970501496
1970569087
1972255233
1973276740
1973971174
1976735016
1976742834
1978493533
1979530625
1986698407
1986976442
1989833441
1990346685
1993540982
1997453497
2004343008
2008233832
2010321697
2011839790
2012747564
2014972662
2017531035
2018159122
2024826386
2027726548
2029694075
2033281775
2033566939
2035528828
2036996813
2040588608
2043305743
2045310946
2048751917
2049540292
2054126177
2060351782
2063321681
2064653763
2064798224
2065889060
2068540255
2069364453
2074237503
2074409247
2075105669
2075449442
2076224615
2077953072
2082139507
2088536083
2093821196
2097547478
2097596971
2098557223
2104659944
2104685570
2108973014
2110823302
2111034005
2113395033
2113429599
2114137390
2114319438
2115045180
2117556324
2118963907
2119275177
2125031924
2125060455
2127950420
2130739817
2133122557
2133487325
2134753751
2135300579
2138623850
2143351252
2143625621
2147105019
